g = 9.81;

RAD2DEG  = 180/pi;
DEG2RAD  = pi/180;

MS2KMH   = 3600/1000;
KMH2MS   = 1000/3600;

RADS2RPM = 60/2/pi;
RPM2RADS = 1/RADS2RPM;